AccPayer
40702810009510007473
40702810724410008899
40702810727510003393
40702810914160007235
40602810414160006409
40702810011660001689
40702810410440017902
40702810311660005974
40702810710660007531
40702810010440008544
40702810410440005419
40702810044410000535
40702810509510006929
40702810222510008181
40702810614680007167
40702810910510008480
40702810408510002833
40702810608510008336
40702810027510004856
40702810108510008616
40702810110680007629
40702810925510001579
40702810816160008141
40702810110680002200
40821810409513007236
40702810312680001627
40702810610160001810
40702810908510007286
40702810314160006386
40702810517510009170
40702810027510008917
40702810417510003056
40702810310680005450
40702810508510004100
40702810310680009582
40702810108510007015
40702810410680000287
40702810101210002977
40702810027510004649
40702810512440006691
40702810815160006681
40703810912680007240
40702810227510011212
40702810013510005267
40702810327510006428
40702810210450003588
40702810217510003285
40702810416450005733
40702810510160003743
40702810712440008428
40702810627510001301
40702810905210001475
40702810827510002537
40702810515160006758
40702810410680001066
40702810016160002549
40702810006210001992
40702810706510014112
40702810706510004520
40702810608510004958
40702810206510005948
40702810206510007234
40702810408510005717
40702810310450000012
40702810923510008736
40702810915160011408
40702810306510002061
40702810610440003253
40702810107510002215
40702810927510003698
40702810427510003279
40702810513680008474
40702810007510008953
40702810208510007355
40702810715160007829
40703810627510001614
40702810824410005035
40702810207510015092
40702810907510006644
40702810527510007515
40702810427510011588
40702810510440003926
40702810627510003338
40702810214450000338
40702810908510009226
40702810510510007331
40702810427510010110
40702810510450009761
40702810510450009143
40702810110510004161
40702810924510006009
40702810112440006282
40702810510160001907
40702810922510003033
40702810712680001379
40702810701510005281
40702810508510003415
40702810913440000186
40702810413510000176
40702810410510005297
40702810210680002773
40702810414450008350
40702810718510005465
40702810714210005329
40702810701210000913
40702810914680005157
40702810516450000175
40702810316160001240
40702810716450005433
40702810611410008834
40702810510160002184
40702810617210003075
40702810816450006743
40702810713680007576
40702810116450006854
40702810710440000907
40702810216450001445
40702810416450001478
40702810014450005274
40702810910680004181
40702810714210015377
40702810111440015960
40702810000510008536
40702810727510002598
40702810408510001850
40702810219210002827
40702810207510003570
40702810513510005505
40702810419210007570
40702810424410007064
40702810110660001564
40702810013510005678
40702810812680002058
40702810314680007661
40702810913510005574
40702810717510005592
40603810521510008376
40702810743410009565
40702810514210007556
40702810710680006033
40703810112510004508
40703810412510003306
40702810812510006959
40702810616450014090
40702810016450007652
40702810313510013111
40702810343410003479
40702810416450005241
40702810710660003946
40702810118510008693
40702810713510000009
40702810814450001601
40702810616450009694
40702810944410003865
40702810410440027918
40702810713510003190
40702810313510007169
40702810310450005790
40702810801510009103
40702810105210009057
40702810510680000501
40702810210680004085
40702810416450001520
40702810727510005634
40702810109510003157
40702810918510001243
40702810527510003140
40702810309510004150
40702810609510015289
40702810109510006620
40702810910680009665
40702810209510006915
40702810409510011331
40702810914450001352
40702810215160000669
40702810810160007818
40703810640450000260
40702810851300000003
40702810034410000888
40702810143410007837
40702810910680000460
40702810111440001877
40702810313680002874
40702810524450002796
40702810410160004062
40702810110160008892
40702810310680001027
40702810643410009937
40703810427510009421
40702810915160003160
40702810908510019533
40702810827510006229
40702810510510010564
40702810419210008113
40702810110680003160
40702810910160006984
40702810510160000199
40702810051300000078
40702810851300000100
40703810851300000002
40703810810510004415
40702810827510000005
40702810711410000004
40702810214450000008
40702810424410000003
40702810527510000017
40702810316450000032
40702810223210000022
40702810611440000035
40702810042410000003
40702810212680000016
40702810910160000061
40702810808510000040
40702810304510000007
40702810918680000051
40702810610160000264
40702810710680000259
40702810919210000077
40702810013510000039
40702810710160000041
40702810816450000066
40702810724210000042
40702810813510000051
40702810727510000053
40702810701210000007
40702810112680000022
40702810906510000023
40702810010160000055
40702810008510000031
40702810225510000021
40702810014450000020
40702810213510000059
40702810910450000027
40702810511660000012
40702810517510000027
40702810910510000048
40702810916450000092
40702810216450000093
40702810017210000005
40702810914210000030
40702810710510000060
40702810010510000061
40702810318510000051
40702810913510000087
40702810410440000168
40702810010440000173
40703810310510000003
40702810013510000097
40702810019210000029
40702810610160000109
